Welcome
  This project is developed by Manas Paldhe PUID: 0025908254 
 File read complete 

 PRINTING THE POSITION MATRIX IN SYMBOLIC 
A_01=	[	[float(cos(theta[0])),	-float(cos(alpha[0]))*float(sin(theta[0])),	float(sin(alpha[0]))*float(sin(theta[0])),	float(a[0])*float(cos(theta[0]))], 
		[float(sin(theta[0])),	float(cos(alpha[0]))*float(cos(theta[0])),	-float(sin(alpha[0]))*float(cos(theta[0])),	float(a[0])*float(sin(theta[0]))], 
		[0,		float(sin(alpha[0])),			float(cos(alpha[0])),			float(d[0])], 
		[0,		0,				0,				1]		] 

A_12=	[	[float(cos(theta[1])),	-float(cos(alpha[1]))*float(sin(theta[1])),	float(sin(alpha[1]))*float(sin(theta[1])),	float(a[1])*float(cos(theta[1]))], 
		[float(sin(theta[1])),	float(cos(alpha[1]))*float(cos(theta[1])),	-float(sin(alpha[1]))*float(cos(theta[1])),	float(a[1])*float(sin(theta[1]))], 
		[0,		float(sin(alpha[1])),			float(cos(alpha[1])),			float(d[1])], 
		[0,		0,				0,				1]		] 

A_23=	[	[float(cos(theta[2])),	-float(cos(alpha[2]))*float(sin(theta[2])),	float(sin(alpha[2]))*float(sin(theta[2])),	float(a[2])*float(cos(theta[2]))], 
		[float(sin(theta[2])),	float(cos(alpha[2]))*float(cos(theta[2])),	-float(sin(alpha[2]))*float(cos(theta[2])),	float(a[2])*float(sin(theta[2]))], 
		[0,		float(sin(alpha[2])),			float(cos(alpha[2])),			float(d[2])], 
		[0,		0,				0,				1]		] 

A_34=	[	[float(cos(theta[3])),	-float(cos(alpha[3]))*float(sin(theta[3])),	float(sin(alpha[3]))*float(sin(theta[3])),	float(a[3])*float(cos(theta[3]))], 
		[float(sin(theta[3])),	float(cos(alpha[3]))*float(cos(theta[3])),	-float(sin(alpha[3]))*float(cos(theta[3])),	float(a[3])*float(sin(theta[3]))], 
		[0,		float(sin(alpha[3])),			float(cos(alpha[3])),			float(d[3])], 
		[0,		0,				0,				1]		] 

A_45=	[	[float(cos(theta[4])),	-float(cos(alpha[4]))*float(sin(theta[4])),	float(sin(alpha[4]))*float(sin(theta[4])),	float(a[4])*float(cos(theta[4]))], 
		[float(sin(theta[4])),	float(cos(alpha[4]))*float(cos(theta[4])),	-float(sin(alpha[4]))*float(cos(theta[4])),	float(a[4])*float(sin(theta[4]))], 
		[0,		float(sin(alpha[4])),			float(cos(alpha[4])),			float(d[4])], 
		[0,		0,				0,				1]		] 

A_56=	[	[float(cos(theta[5])),	-float(cos(alpha[5]))*float(sin(theta[5])),	float(sin(alpha[5]))*float(sin(theta[5])),	float(a[5])*float(cos(theta[5]))], 
		[float(sin(theta[5])),	float(cos(alpha[5]))*float(cos(theta[5])),	-float(sin(alpha[5]))*float(cos(theta[5])),	float(a[5])*float(sin(theta[5]))], 
		[0,		float(sin(alpha[5])),			float(cos(alpha[5])),			float(d[5])], 
		[0,		0,				0,				1]		] 



Current configuration is[-135.0, -135.0, -135.0, -135.0, 100.0, 100.0]
FORWARD KINEMATICS
Position Matrix is 
[-0.6284031026336145, -0.684465849785563, -0.36961607253713136, -0.6055087801569456]
[0.3865583399856393, -0.6871039557896591, 0.6151916804750768, -16.150475170883745]
[-0.6750423619210826, 0.24371018529296024, 0.6963642403200189, 36.431007975189786]
[0.0, 0.0, 0.0, 1.0]


Parameters are
-1
1
-1
SYMBOLIC RESULTS USING HTMs 

INVERSE KINEMATICS 
Using the half angle method 
INVERSE KINEMATIC SOLUTIONS using half angle method 
225.0     OR     -216.40564473
1.94676482957     OR     -135.0
225.0     OR     320.372789509
-135.0     OR     45.0
100.0     OR     0
100.0     OR     0
INVERSE KINEMATIC SOLUTIONS using circle method 
-135.0     OR     -216.40564473
1.94676482957     OR     -135.0
-39.6272104913     OR     -135.0
-135.0     OR     45.0
100.0     OR     -10000
100.0     OR     -10000
actual is -135.0  =  225.0  
actual is 1.94676482957  =  1.94676482957  
actual is -135.0  =  225.0  
actual is -135.0  =  -135.0  
actual is 100.0  =  100.0  
actual is 100.0  =  100.0  

 GEOMETRIC APPROACH 
geormetry calculated theta is
[-134.99999999999997, -134.99999999999997, -135.0, 45.0, -100.00000000000003, -80.00000000000003]
ARM = -1
ELBOW = 1
WRIST = -1



Current configuration is[-135.0, -135.0, -135.0, -90.0, 100.0, 100.0]
FORWARD KINEMATICS
Position Matrix is 
[-0.1422442597229238, -0.8067072841115985, -0.5735764363510462, -1.7527858266102143]
[-0.09960050292505122, -0.5648625214636235, 0.8191520442889917, -15.003198124430474]
[-0.984807753012208, 0.17364817766693014, -1.539117494494311e-16, 32.51395912338968]
[0.0, 0.0, 0.0, 1.0]


Parameters are
-1
1
-1
SYMBOLIC RESULTS USING HTMs 

INVERSE KINEMATICS 
Using the half angle method 
INVERSE KINEMATIC SOLUTIONS using half angle method 
225.0     OR     -216.40564473
1.94676482957     OR     -135.0
225.0     OR     320.372789509
-90.0     OR     90.0
100.0     OR     0
100.0     OR     0
INVERSE KINEMATIC SOLUTIONS using circle method 
-135.0     OR     -216.40564473
1.94676482957     OR     -135.0
-39.6272104913     OR     -135.0
-90.0     OR     90.0
100.0     OR     -10000
100.0     OR     -10000
actual is -135.0  =  225.0  
actual is 1.94676482957  =  1.94676482957  
actual is -135.0  =  225.0  
actual is -90.0  =  -90.0  
actual is 100.0  =  100.0  
actual is 100.0  =  100.0  

 GEOMETRIC APPROACH 
geormetry calculated theta is
[-134.99999999999997, -134.99999999999997, -135.0, 90.00000000000001, -100.00000000000003, -80.0]
ARM = -1
ELBOW = 1
WRIST = -1



Current configuration is[-135.0, -135.0, -135.0, -45.0, 100.0, 100.0]
FORWARD KINEMATICS
Position Matrix is 
[0.35640465037859365, -0.8581140274524933, -0.3696160725371311, -0.6055087801569456]
[-0.5982494130265688, -0.5134557781227287, 0.6151916804750768, -16.150475170883745]
[-0.7176861187189553, 0.001865422644985007, -0.696364240320019, 28.59691027158957]
[0.0, 0.0, 0.0, 1.0]


Parameters are
-1
1
-1
SYMBOLIC RESULTS USING HTMs 

INVERSE KINEMATICS 
Using the half angle method 
INVERSE KINEMATIC SOLUTIONS using half angle method 
225.0     OR     -216.40564473
1.94676482957     OR     -135.0
225.0     OR     320.372789509
-45.0     OR     135.0
100.0     OR     0
100.0     OR     0
INVERSE KINEMATIC SOLUTIONS using circle method 
-135.0     OR     -216.40564473
1.94676482957     OR     -135.0
-39.6272104913     OR     -135.0
-45.0     OR     135.0
100.0     OR     -10000
100.0     OR     -10000
actual is -135.0  =  225.0  
actual is 1.94676482957  =  1.94676482957  
actual is -135.0  =  225.0  
actual is -45.0  =  -45.0  
actual is 100.0  =  100.0  
actual is 100.0  =  100.0  

 GEOMETRIC APPROACH 
geormetry calculated theta is
[-134.99999999999997, -134.99999999999997, -135.0, 135.00000000000003, -100.00000000000001, -79.99999999999997]
ARM = -1
ELBOW = 1
WRIST = -1



Current configuration is[-135.0, -135.0, -135.0, 0.0, 100.0, 100.0]
FORWARD KINEMATICS
Position Matrix is 
[0.5754418589960313, -0.8085727067565838, 0.12278780396897301, 2.1642630251898893]
[-0.8172866216440066, -0.5629970988186382, 0.12278780396897288, -18.92024697623058]
[-0.030153689607045713, -0.17101007166283455, -0.984807753012208, 26.97441551269601]
[0.0, 0.0, 0.0, 1.0]


Parameters are
-1
1
-1
SYMBOLIC RESULTS USING HTMs 

INVERSE KINEMATICS 
Using the half angle method 
INVERSE KINEMATIC SOLUTIONS using half angle method 
225.0     OR     -216.40564473
1.94676482957     OR     -135.0
225.0     OR     320.372789509
6.45923972823e-15     OR     180.0
100.0     OR     0
100.0     OR     0
INVERSE KINEMATIC SOLUTIONS using circle method 
-135.0     OR     -216.40564473
1.94676482957     OR     -135.0
-39.6272104913     OR     -135.0
6.45923972823e-15     OR     180.0
100.0     OR     -10000
100.0     OR     -10000
actual is -135.0  =  225.0  
actual is 1.94676482957  =  1.94676482957  
actual is -135.0  =  225.0  
actual is 6.45923972823e-15  =  6.45923972823e-15  
actual is 100.0  =  100.0  
actual is 100.0  =  100.0  

 GEOMETRIC APPROACH 
geormetry calculated theta is
[-134.99999999999997, -134.99999999999997, -135.0, -180.0, -100.0, -79.99999999999997]
ARM = -1
ELBOW = 1
WRIST = -1



Current configuration is[-135.0, -135.0, -135.0, 45.0, 100.0, 100.0]
FORWARD KINEMATICS
Position Matrix is 
[0.3865583399856392, -0.6871039557896589, 0.6151916804750769, 4.934034830536724]
[-0.6284031026336148, -0.684465849785563, -0.3696160725371311, -21.690018781577415]
[0.6750423619210825, -0.24371018529296068, -0.696364240320019, 28.596910271589575]
[0.0, 0.0, 0.0, 1.0]


Parameters are
-1
1
-1
SYMBOLIC RESULTS USING HTMs 

INVERSE KINEMATICS 
Using the half angle method 
INVERSE KINEMATIC SOLUTIONS using half angle method 
225.0     OR     -216.40564473
1.94676482957     OR     -135.0
225.0     OR     320.372789509
45.0     OR     225.0
100.0     OR     0
100.0     OR     0
INVERSE KINEMATIC SOLUTIONS using circle method 
-135.0     OR     -216.40564473
1.94676482957     OR     -135.0
-39.6272104913     OR     -135.0
45.0     OR     225.0
100.0     OR     -10000
100.0     OR     -10000
actual is -135.0  =  225.0  
actual is 1.94676482957  =  1.94676482957  
actual is -135.0  =  225.0  
actual is 45.0  =  45.0  
actual is 100.0  =  100.0  
actual is 100.0  =  100.0  

 GEOMETRIC APPROACH 
geormetry calculated theta is
[-134.99999999999997, -134.99999999999997, -135.0, -135.0, -99.99999999999997, -79.99999999999999]
ARM = -1
ELBOW = 1
WRIST = -1



Current configuration is[-135.0, -135.0, -135.0, 90.0, 100.0, 100.0]
FORWARD KINEMATICS
Position Matrix is 
[-0.0996005029250514, -0.5648625214636234, 0.8191520442889918, 6.0813118769899965]
[-0.14224425972292415, -0.8067072841115986, -0.573576436351046, -22.83729582803069]
[0.984807753012208, -0.1736481776669306, 1.104228652112517e-16, 32.51395912338968]
[0.0, 0.0, 0.0, 1.0]


Parameters are
-1
1
-1
SYMBOLIC RESULTS USING HTMs 

INVERSE KINEMATICS 
Using the half angle method 
INVERSE KINEMATIC SOLUTIONS using half angle method 
225.0     OR     -216.40564473
1.94676482957     OR     -135.0
225.0     OR     320.372789509
90.0     OR     270.0
100.0     OR     0
100.0     OR     0
INVERSE KINEMATIC SOLUTIONS using circle method 
-135.0     OR     -216.40564473
1.94676482957     OR     -135.0
-39.6272104913     OR     -135.0
90.0     OR     270.0
100.0     OR     -10000
100.0     OR     -10000
actual is -135.0  =  225.0  
actual is 1.94676482957  =  1.94676482957  
actual is -135.0  =  225.0  
actual is 90.0  =  90.0  
actual is 100.0  =  100.0  
actual is 100.0  =  100.0  

 GEOMETRIC APPROACH 
geormetry calculated theta is
[-134.99999999999997, -134.99999999999997, -135.0, -90.0, -99.99999999999997, -80.0]
ARM = -1
ELBOW = 1
WRIST = -1



Current configuration is[-135.0, -135.0, -135.0, 135.0, 100.0, 100.0]
FORWARD KINEMATICS
Position Matrix is 
[-0.5982494130265689, -0.5134557781227286, 0.6151916804750768, 4.934034830536724]
[0.35640465037859337, -0.8581140274524934, -0.36961607253713125, -21.69001878157742]
[0.7176861187189554, -0.0018654226449854655, 0.6963642403200189, 36.431007975189786]
[0.0, 0.0, 0.0, 1.0]


Parameters are
-1
1
-1
SYMBOLIC RESULTS USING HTMs 

INVERSE KINEMATICS 
Using the half angle method 
INVERSE KINEMATIC SOLUTIONS using half angle method 
225.0     OR     -216.40564473
1.94676482957     OR     -135.0
225.0     OR     320.372789509
135.0     OR     315.0
100.0     OR     0
100.0     OR     0
INVERSE KINEMATIC SOLUTIONS using circle method 
-135.0     OR     -216.40564473
1.94676482957     OR     -135.0
-39.6272104913     OR     -135.0
135.0     OR     315.0
100.0     OR     -10000
100.0     OR     -10000
actual is -135.0  =  225.0  
actual is 1.94676482957  =  1.94676482957  
actual is -135.0  =  225.0  
actual is 135.0  =  135.0  
actual is 100.0  =  100.0  
actual is 100.0  =  100.0  

 GEOMETRIC APPROACH 
geormetry calculated theta is
[-134.99999999999997, -134.99999999999997, -135.0, -45.00000000000001, -99.99999999999997, -80.00000000000003]
ARM = -1
ELBOW = 1
WRIST = -1



Current configuration is[-135.0, -135.0, -90.0, -135.0, 100.0, 100.0]
FORWARD KINEMATICS
Position Matrix is 
[-0.25546457618050283, -0.605459194840909, -0.7537619078326484, 5.186844269151592]
[0.759496866438751, -0.6080973008450054, 0.23104584517955967, -10.358122121575214]
[-0.5982494130265689, -0.5134557781227287, 0.6151916804750768, 4.756579932587247]
[0.0, 0.0, 0.0, 1.0]


Parameters are
-1
1
-1
SYMBOLIC RESULTS USING HTMs 

INVERSE KINEMATICS 
Using the half angle method 
INVERSE KINEMATIC SOLUTIONS using half angle method 
-135.0     OR     -147.080243115
-56.1866310453     OR     -135.0
270.0     OR     275.372789509
-135.0     OR     45.0
100.0     OR     0
100.0     OR     0
INVERSE KINEMATIC SOLUTIONS using circle method 
-135.0     OR     -147.080243115
-56.1866310453     OR     -135.0
-84.6272104913     OR     -90.0
-135.0     OR     45.0
100.0     OR     -10000
100.0     OR     -10000
actual is -135.0  =  -135.0  
actual is -56.1866310453  =  -56.1866310453  
actual is -90.0  =  270.0  
actual is -135.0  =  -135.0  
actual is 100.0  =  100.0  
actual is 100.0  =  100.0  

 GEOMETRIC APPROACH 
geormetry calculated theta is
[-134.99999999999986, -134.99999999999926, -90.00000000000023, 45.00000000000015, -100.00000000000043, -79.99999999999969]
ARM = -1
ELBOW = 1
WRIST = -1



Current configuration is[-135.0, -135.0, -90.0, -90.0, 100.0, 100.0]
FORWARD KINEMATICS
Position Matrix is 
[0.3855769622757505, -0.6926696253539295, -0.6095401514865537, 5.9980916485983755]
[0.42822071907362325, -0.4508248627059547, 0.7831883291534841, -7.25232064922189]
[-0.8172866216440066, -0.5629970988186382, 0.12278780396897263, 1.986808127240412]
[0.0, 0.0, 0.0, 1.0]


Parameters are
-1
1
-1
SYMBOLIC RESULTS USING HTMs 

INVERSE KINEMATICS 
Using the half angle method 
INVERSE KINEMATIC SOLUTIONS using half angle method 
-135.0     OR     -147.080243115
-56.1866310453     OR     -135.0
270.0     OR     275.372789509
-90.0     OR     90.0
100.0     OR     0
100.0     OR     0
INVERSE KINEMATIC SOLUTIONS using circle method 
-135.0     OR     -147.080243115
-56.1866310453     OR     -135.0
-84.6272104913     OR     -90.0
-90.0     OR     90.0
100.0     OR     -10000
100.0     OR     -10000
actual is -135.0  =  -135.0  
actual is -56.1866310453  =  -56.1866310453  
actual is -90.0  =  270.0  
actual is -90.0  =  -90.0  
actual is 100.0  =  100.0  
actual is 100.0  =  100.0  

 GEOMETRIC APPROACH 
geormetry calculated theta is
[-134.99999999999986, -134.99999999999926, -90.00000000000023, 90.0000000000002, -100.00000000000009, -79.99999999999947]
ARM = -1
ELBOW = 1
WRIST = -1



Current configuration is[-135.0, -135.0, -90.0, -45.0, 100.0, 100.0]
FORWARD KINEMATICS
Position Matrix is 
[0.7506650552306418, -0.6581849911838518, -0.05739766751262941, 9.103893120951703]
[-0.20398900817452062, -0.31352674185408735, 0.9274100854995787, -6.44107326977511]
[-0.6284031026336144, -0.6844658497855631, -0.36961607253713125, -0.7829636781064266]
[0.0, 0.0, 0.0, 1.0]


Parameters are
-1
1
-1
SYMBOLIC RESULTS USING HTMs 

INVERSE KINEMATICS 
Using the half angle method 
INVERSE KINEMATIC SOLUTIONS using half angle method 
-135.0     OR     -147.080243115
-56.1866310453     OR     -135.0
270.0     OR     275.372789509
-45.0     OR     135.0
100.0     OR     0
100.0     OR     0
INVERSE KINEMATIC SOLUTIONS using circle method 
-135.0     OR     -147.080243115
-56.1866310453     OR     -135.0
-84.6272104913     OR     -90.0
-45.0     OR     135.0
100.0     OR     -10000
100.0     OR     -10000
actual is -135.0  =  -135.0  
actual is -56.1866310453  =  -56.1866310453  
actual is -90.0  =  270.0  
actual is -45.0  =  -45.0  
actual is 100.0  =  100.0  
actual is 100.0  =  100.0  

 GEOMETRIC APPROACH 
geormetry calculated theta is
[-134.99999999999986, -134.99999999999926, -90.00000000000023, 135.00000000000017, -99.9999999999997, -79.99999999999957]
ARM = -1
ELBOW = 1
WRIST = -1



Current configuration is[-135.0, -135.0, -90.0, 0.0, 100.0, 100.0]
FORWARD KINEMATICS
Position Matrix is 
[0.6259360492921248, -0.5222059233340325, 0.5792279653395692, 12.684912305745318]
[-0.7667924313479132, -0.276630315396087, 0.5792279653395692, -8.399597695675162]
[-0.1422442597229239, -0.8067072841115986, -0.573576436351046, -1.9302407245596953]
[0.0, 0.0, 0.0, 1.0]


Parameters are
-1
1
-1
SYMBOLIC RESULTS USING HTMs 

INVERSE KINEMATICS 
Using the half angle method 
INVERSE KINEMATIC SOLUTIONS using half angle method 
-135.0     OR     -147.080243115
-56.1866310453     OR     -135.0
270.0     OR     275.372789509
6.45923972823e-15     OR     180.0
100.0     OR     0
100.0     OR     0
INVERSE KINEMATIC SOLUTIONS using circle method 
-135.0     OR     -147.080243115
-56.1866310453     OR     -135.0
-84.6272104913     OR     -90.0
6.45923972823e-15     OR     180.0
100.0     OR     -10000
100.0     OR     -10000
actual is -135.0  =  -135.0  
actual is -56.1866310453  =  -56.1866310453  
actual is -90.0  =  270.0  
actual is 6.45923972823e-15  =  6.45923972823e-15  
actual is 100.0  =  100.0  
actual is 100.0  =  100.0  

 GEOMETRIC APPROACH 
geormetry calculated theta is
[-134.99999999999986, -134.99999999999926, -90.00000000000023, -179.9999999999999, -99.99999999999949, -79.99999999999993]
ARM = -1
ELBOW = 1
WRIST = -1



Current configuration is[-135.0, -135.0, -90.0, 45.0, 100.0, 100.0]
FORWARD KINEMATICS
Position Matrix is 
[0.08445450451766857, -0.36438711555204456, 0.9274100854995787, 14.643436731645373]
[-0.9305069381015855, -0.36174900954794875, -0.05739766751262926, -11.980616880468776]
[0.3564046503785935, -0.8581140274524934, -0.36961607253713114, -0.7829636781064195]
[0.0, 0.0, 0.0, 1.0]


Parameters are
-1
1
-1
SYMBOLIC RESULTS USING HTMs 

INVERSE KINEMATICS 
Using the half angle method 
INVERSE KINEMATIC SOLUTIONS using half angle method 
-135.0     OR     -147.080243115
-56.1866310453     OR     -135.0
270.0     OR     275.372789509
45.0     OR     225.0
100.0     OR     0
100.0     OR     0
INVERSE KINEMATIC SOLUTIONS using circle method 
-135.0     OR     -147.080243115
-56.1866310453     OR     -135.0
-84.6272104913     OR     -90.0
45.0     OR     225.0
100.0     OR     -10000
100.0     OR     -10000
actual is -135.0  =  -135.0  
actual is -56.1866310453  =  -56.1866310453  
actual is -90.0  =  270.0  
actual is 45.0  =  45.0  
actual is 100.0  =  100.0  
actual is 100.0  =  100.0  

 GEOMETRIC APPROACH 
geormetry calculated theta is
[-134.99999999999986, -134.99999999999926, -90.00000000000023, -134.99999999999997, -99.99999999999959, -80.00000000000031]
ARM = -1
ELBOW = 1
WRIST = -1



Current configuration is[-135.0, -135.0, -90.0, 90.0, 100.0, 100.0]
FORWARD KINEMATICS
Position Matrix is 
[-0.5565870339385848, -0.277176685039024, 0.7831883291534841, 13.83218935219859]
[-0.5992307907364577, -0.5190214476869994, -0.6095401514865537, -15.086418352822104]
[0.5754418589960312, -0.8085727067565839, 0.12278780396897293, 1.986808127240412]
[0.0, 0.0, 0.0, 1.0]


Parameters are
-1
1
-1
SYMBOLIC RESULTS USING HTMs 

INVERSE KINEMATICS 
Using the half angle method 
INVERSE KINEMATIC SOLUTIONS using half angle method 
-135.0     OR     -147.080243115
-56.1866310453     OR     -135.0
270.0     OR     275.372789509
90.0     OR     270.0
100.0     OR     0
100.0     OR     0
INVERSE KINEMATIC SOLUTIONS using circle method 
-135.0     OR     -147.080243115
-56.1866310453     OR     -135.0
-84.6272104913     OR     -90.0
90.0     OR     270.0
100.0     OR     -10000
100.0     OR     -10000
actual is -135.0  =  -135.0  
actual is -56.1866310453  =  -56.1866310453  
actual is -90.0  =  270.0  
actual is 90.0  =  90.0  
actual is 100.0  =  100.0  
actual is 100.0  =  100.0  

 GEOMETRIC APPROACH 
geormetry calculated theta is
[-134.99999999999986, -134.99999999999926, -90.00000000000023, -90.0, -99.99999999999991, -80.00000000000053]
ARM = -1
ELBOW = 1
WRIST = -1



Current configuration is[-135.0, -135.0, -90.0, 135.0, 100.0, 100.0]
FORWARD KINEMATICS
Position Matrix is 
[-0.921675126893476, -0.3116613192091018, 0.23104584517955973, 10.726387879845266]
[0.032978936511686124, -0.6563195685388667, -0.7537619078326484, -15.897665732268884]
[0.3865583399856392, -0.6871039557896591, 0.6151916804750768, 4.756579932587247]
[0.0, 0.0, 0.0, 1.0]


Parameters are
-1
1
-1
SYMBOLIC RESULTS USING HTMs 

INVERSE KINEMATICS 
Using the half angle method 
INVERSE KINEMATIC SOLUTIONS using half angle method 
-135.0     OR     -147.080243115
-56.1866310453     OR     -135.0
270.0     OR     275.372789509
135.0     OR     315.0
100.0     OR     0
100.0     OR     0
INVERSE KINEMATIC SOLUTIONS using circle method 
-135.0     OR     -147.080243115
-56.1866310453     OR     -135.0
-84.6272104913     OR     -90.0
135.0     OR     315.0
100.0     OR     -10000
100.0     OR     -10000
actual is -135.0  =  -135.0  
actual is -56.1866310453  =  -56.1866310453  
actual is -90.0  =  270.0  
actual is 135.0  =  135.0  
actual is 100.0  =  100.0  
actual is 100.0  =  100.0  

 GEOMETRIC APPROACH 
geormetry calculated theta is
[-134.99999999999986, -134.99999999999926, -90.00000000000023, -44.999999999999986, -100.0000000000003, -80.00000000000043]
ARM = -1
ELBOW = 1
WRIST = -1



Current configuration is[-135.0, -135.0, -45.0, -135.0, 100.0, 100.0]
FORWARD KINEMATICS
Position Matrix is 
[-0.030153689607045807, -0.1710100716628341, -0.984807753012208, 25.119870410645504]
[0.984807753012208, -0.1736481776669303, -1.1760235947755832e-17, 9.574904019918701]
[-0.17101007166283433, -0.9698463103929541, 0.17364817766693005, -11.848269877233829]
[0.0, 0.0, 0.0, 1.0]


Parameters are
1
1
-1
SYMBOLIC RESULTS USING HTMs 

INVERSE KINEMATICS 
Using the half angle method 
INVERSE KINEMATIC SOLUTIONS using half angle method 
-10.3129367289     OR     -135.0
225.0     OR     273.531031517
230.372789509     OR     315.0
-135.0     OR     45.0
100.0     OR     0
100.0     OR     0
INVERSE KINEMATIC SOLUTIONS using circle method 
-10.3129367289     OR     -135.0
225.0     OR     273.531031517
-45.0     OR     -129.627210491
-135.0     OR     45.0
100.0     OR     -10000
100.0     OR     -10000
actual is -135.0  =  -135.0  
actual is 273.531031517  =  273.531031517  
actual is -45.0  =  315.0  
actual is -135.0  =  -135.0  
actual is 100.0  =  100.0  
actual is 100.0  =  100.0  

 GEOMETRIC APPROACH 
geormetry calculated theta is
[-135.0, -135.0, -44.99999999999997, 45.000000000000014, -100.00000000000001, -79.99999999999999]
ARM = 1
ELBOW = 1
WRIST = -1



Current configuration is[-135.0, -135.0, -45.0, -90.0, 100.0, 100.0]
FORWARD KINEMATICS
Position Matrix is 
[0.6750423619210826, -0.24371018529296026, -0.6963642403200189, 26.74236516953907]
[0.7176861187189553, -0.0018654226449851994, 0.696364240320019, 13.491952871718807]
[-0.17101007166283416, -0.9698463103929542, 0.1736481776669302, -11.848269877233829]
[0.0, 0.0, 0.0, 1.0]


Parameters are
1
1
-1
SYMBOLIC RESULTS USING HTMs 

INVERSE KINEMATICS 
Using the half angle method 
INVERSE KINEMATIC SOLUTIONS using half angle method 
-10.3129367289     OR     -135.0
225.0     OR     273.531031517
230.372789509     OR     315.0
-90.0     OR     90.0
100.0     OR     0
100.0     OR     0
INVERSE KINEMATIC SOLUTIONS using circle method 
-10.3129367289     OR     -135.0
225.0     OR     273.531031517
-45.0     OR     -129.627210491
-90.0     OR     90.0
100.0     OR     -10000
100.0     OR     -10000
actual is -135.0  =  -135.0  
actual is 273.531031517  =  273.531031517  
actual is -45.0  =  315.0  
actual is -90.0  =  -90.0  
actual is 100.0  =  100.0  
actual is 100.0  =  100.0  

 GEOMETRIC APPROACH 
geormetry calculated theta is
[-135.0, -135.0, -44.99999999999997, 90.00000000000001, -100.0, -79.99999999999997]
ARM = 1
ELBOW = 1
WRIST = -1



Current configuration is[-135.0, -135.0, -45.0, -45.0, 100.0, 100.0]
FORWARD KINEMATICS
Position Matrix is 
[0.984807753012208, -0.17364817766693016, -3.6436815309750654e-17, 30.659414021339177]
[0.030153689607045852, 0.17101007166283436, 0.984807753012208, 15.114447630612371]
[-0.17101007166283413, -0.9698463103929541, 0.17364817766693036, -11.848269877233829]
[0.0, 0.0, 0.0, 1.0]


Parameters are
1
1
-1
SYMBOLIC RESULTS USING HTMs 

INVERSE KINEMATICS 
Using the half angle method 
INVERSE KINEMATIC SOLUTIONS using half angle method 
-10.3129367289     OR     -135.0
225.0     OR     273.531031517
230.372789509     OR     315.0
-45.0     OR     135.0
100.0     OR     0
100.0     OR     0
INVERSE KINEMATIC SOLUTIONS using circle method 
-10.3129367289     OR     -135.0
225.0     OR     273.531031517
-45.0     OR     -129.627210491
-45.0     OR     135.0
100.0     OR     -10000
100.0     OR     -10000
actual is -135.0  =  -135.0  
actual is 273.531031517  =  273.531031517  
actual is -45.0  =  315.0  
actual is -45.0  =  -45.0  
actual is 100.0  =  100.0  
actual is 100.0  =  100.0  

 GEOMETRIC APPROACH 
geormetry calculated theta is
[-135.0, -135.0, -44.99999999999997, 135.00000000000003, -99.99999999999997, -79.99999999999999]
ARM = 1
ELBOW = 1
WRIST = -1



Current configuration is[-135.0, -135.0, -45.0, 0.0, 100.0, 100.0]
FORWARD KINEMATICS
Position Matrix is 
[0.7176861187189554, -0.0018654226449850617, 0.6963642403200189, 34.576462873139285]
[-0.6750423619210825, 0.2437101852929605, 0.696364240320019, 13.491952871718807]
[-0.17101007166283425, -0.9698463103929541, 0.17364817766693053, -11.848269877233829]
[0.0, 0.0, 0.0, 1.0]


Parameters are
1
1
-1
SYMBOLIC RESULTS USING HTMs 

INVERSE KINEMATICS 
Using the half angle method 
INVERSE KINEMATIC SOLUTIONS using half angle method 
-10.3129367289     OR     -135.0
225.0     OR     273.531031517
230.372789509     OR     315.0
0.0     OR     180.0
100.0     OR     0
100.0     OR     0
INVERSE KINEMATIC SOLUTIONS using circle method 
-10.3129367289     OR     -135.0
225.0     OR     273.531031517
-45.0     OR     -129.627210491
0.0     OR     180.0
100.0     OR     -10000
100.0     OR     -10000
actual is -135.0  =  -135.0  
actual is 273.531031517  =  273.531031517  
actual is -45.0  =  315.0  
actual is 0.0  =  0.0  
actual is 100.0  =  100.0  
actual is 100.0  =  100.0  

 GEOMETRIC APPROACH 
geormetry calculated theta is
[-135.0, -135.0, -44.99999999999997, -180.0, -99.99999999999997, -80.00000000000001]
ARM = 1
ELBOW = 1
WRIST = -1



Current configuration is[-135.0, -135.0, -45.0, 45.0, 100.0, 100.0]
FORWARD KINEMATICS
Position Matrix is 
[0.030153689607045932, 0.1710100716628345, 0.984807753012208, 36.198957632032844]
[-0.9848077530122081, 0.17364817766693041, 9.926206651475982e-17, 9.574904019918701]
[-0.17101007166283444, -0.9698463103929541, 0.17364817766693055, -11.848269877233829]
[0.0, 0.0, 0.0, 1.0]


Parameters are
1
1
-1
SYMBOLIC RESULTS USING HTMs 

INVERSE KINEMATICS 
Using the half angle method 
INVERSE KINEMATIC SOLUTIONS using half angle method 
-10.3129367289     OR     -135.0
225.0     OR     273.531031517
230.372789509     OR     315.0
45.0     OR     225.0
100.0     OR     0
100.0     OR     0
INVERSE KINEMATIC SOLUTIONS using circle method 
-10.3129367289     OR     -135.0
225.0     OR     273.531031517
-45.0     OR     -129.627210491
45.0     OR     225.0
100.0     OR     -10000
100.0     OR     -10000
actual is -135.0  =  -135.0  
actual is 273.531031517  =  273.531031517  
actual is -45.0  =  315.0  
actual is 45.0  =  45.0  
actual is 100.0  =  100.0  
actual is 100.0  =  100.0  

 GEOMETRIC APPROACH 
geormetry calculated theta is
[-135.0, -135.0, -44.99999999999997, -135.00000000000003, -99.99999999999999, -80.00000000000003]
ARM = 1
ELBOW = 1
WRIST = -1



Current configuration is[-135.0, -135.0, -45.0, 90.0, 100.0, 100.0]
FORWARD KINEMATICS
Position Matrix is 
[-0.6750423619210825, 0.24371018529296065, 0.696364240320019, 34.576462873139285]
[-0.7176861187189554, 0.0018654226449853447, -0.6963642403200189, 5.657855168118594]
[-0.1710100716628346, -0.969846310392954, 0.17364817766693041, -11.848269877233829]
[0.0, 0.0, 0.0, 1.0]


Parameters are
1
1
-1
SYMBOLIC RESULTS USING HTMs 

INVERSE KINEMATICS 
Using the half angle method 
INVERSE KINEMATIC SOLUTIONS using half angle method 
-10.3129367289     OR     -135.0
225.0     OR     273.531031517
230.372789509     OR     315.0
90.0     OR     270.0
100.0     OR     0
100.0     OR     0
INVERSE KINEMATIC SOLUTIONS using circle method 
-10.3129367289     OR     -135.0
225.0     OR     273.531031517
-45.0     OR     -129.627210491
90.0     OR     270.0
100.0     OR     -10000
100.0     OR     -10000
actual is -135.0  =  -135.0  
actual is 273.531031517  =  273.531031517  
actual is -45.0  =  315.0  
actual is 90.0  =  90.0  
actual is 100.0  =  100.0  
actual is 100.0  =  100.0  

 GEOMETRIC APPROACH 
geormetry calculated theta is
[-135.0, -135.0, -44.99999999999997, -90.00000000000001, -100.00000000000001, -80.00000000000003]
ARM = 1
ELBOW = 1
WRIST = -1



Current configuration is[-135.0, -135.0, -45.0, 135.0, 100.0, 100.0]
FORWARD KINEMATICS
Position Matrix is 
[-0.9848077530122081, 0.17364817766693055, 7.4585487152765e-17, 30.659414021339177]
[-0.030153689607045887, -0.17101007166283425, -0.984807753012208, 4.035360409225031]
[-0.17101007166283463, -0.9698463103929541, 0.17364817766693025, -11.848269877233829]
[0.0, 0.0, 0.0, 1.0]


Parameters are
1
1
-1
SYMBOLIC RESULTS USING HTMs 

INVERSE KINEMATICS 
Using the half angle method 
INVERSE KINEMATIC SOLUTIONS using half angle method 
-10.3129367289     OR     -135.0
225.0     OR     273.531031517
230.372789509     OR     315.0
135.0     OR     315.0
100.0     OR     0
100.0     OR     0
INVERSE KINEMATIC SOLUTIONS using circle method 
-10.3129367289     OR     -135.0
225.0     OR     273.531031517
-45.0     OR     -129.627210491
135.0     OR     315.0
100.0     OR     -10000
100.0     OR     -10000
actual is -135.0  =  -135.0  
actual is 273.531031517  =  273.531031517  
actual is -45.0  =  315.0  
actual is 135.0  =  135.0  
actual is 100.0  =  100.0  
actual is 100.0  =  100.0  

 GEOMETRIC APPROACH 
geormetry calculated theta is
[-135.0, -135.0, -44.99999999999997, -45.0, -100.00000000000003, -80.00000000000001]
ARM = 1
ELBOW = 1
WRIST = -1



Current configuration is[-135.0, -135.0, 0.0, -135.0, 100.0, 100.0]
FORWARD KINEMATICS
Position Matrix is 
[-0.08445450451766859, 0.36438711555204484, -0.9274100854995785, 47.5170732697751]
[0.9305069381015854, 0.3617490095479489, 0.05739766751262941, 31.972106879048308]
[0.3564046503785935, -0.8581140274524933, -0.36961607253713125, -3.656645636848552]
[0.0, 0.0, 0.0, 1.0]


Parameters are
1
1
-1
SYMBOLIC RESULTS USING HTMs 

INVERSE KINEMATICS 
Using the half angle method 
INVERSE KINEMATIC SOLUTIONS using half angle method 
16.9418794853     OR     -135.0
225.0     OR     228.028977687
185.372789509     OR     360.0
-135.0     OR     45.0
100.0     OR     0
100.0     OR     0
INVERSE KINEMATIC SOLUTIONS using circle method 
16.9418794853     OR     -135.0
225.0     OR     228.028977687
2.78298534628e-15     OR     -174.627210491
-135.0     OR     45.0
100.0     OR     -10000
100.0     OR     -10000
actual is -135.0  =  -135.0  
actual is 228.028977687  =  228.028977687  
actual is 2.78298534628e-15  =  360.0  
actual is -135.0  =  -135.0  
actual is 100.0  =  100.0  
actual is 100.0  =  100.0  

 GEOMETRIC APPROACH 
geormetry calculated theta is
[-135.0, -135.0, -7.553817368475854e-15, 45.0, -100.0, -80.00000000000001]
ARM = 1
ELBOW = 1
WRIST = -1



Current configuration is[-135.0, -135.0, 0.0, -90.0, 100.0, 100.0]
FORWARD KINEMATICS
Position Matrix is 
[0.5565870339385847, 0.27717668503902426, -0.783188329153484, 48.32832064922188]
[0.5992307907364576, 0.5190214476869995, 0.6095401514865538, 35.07790835140163]
[0.5754418589960313, -0.8085727067565838, 0.12278780396897279, -0.8868738315017168]
[0.0, 0.0, 0.0, 1.0]


Parameters are
1
1
-1
SYMBOLIC RESULTS USING HTMs 

INVERSE KINEMATICS 
Using the half angle method 
INVERSE KINEMATIC SOLUTIONS using half angle method 
16.9418794853     OR     -135.0
225.0     OR     228.028977687
185.372789509     OR     360.0
-90.0     OR     90.0
100.0     OR     0
100.0     OR     0
INVERSE KINEMATIC SOLUTIONS using circle method 
16.9418794853     OR     -135.0
225.0     OR     228.028977687
2.78298534628e-15     OR     -174.627210491
-90.0     OR     90.0
100.0     OR     -10000
100.0     OR     -10000
actual is -135.0  =  -135.0  
actual is 228.028977687  =  228.028977687  
actual is 2.78298534628e-15  =  360.0  
actual is -90.0  =  -90.0  
actual is 100.0  =  100.0  
actual is 100.0  =  100.0  

 GEOMETRIC APPROACH 
geormetry calculated theta is
[-135.0, -135.0, -7.553817368475854e-15, 90.00000000000001, -99.99999999999999, -80.0]
ARM = 1
ELBOW = 1
WRIST = -1



Current configuration is[-135.0, -135.0, 0.0, -45.0, 100.0, 100.0]
FORWARD KINEMATICS
Position Matrix is 
[0.9216751268934759, 0.3116613192091021, -0.23104584517955978, 51.43412212157521]
[-0.03297893651168628, 0.6563195685388669, 0.7537619078326483, 35.889155730848415]
[0.38655833998563943, -0.687103955789659, 0.6151916804750768, 1.8828979738451181]
[0.0, 0.0, 0.0, 1.0]


Parameters are
1
1
-1
SYMBOLIC RESULTS USING HTMs 

INVERSE KINEMATICS 
Using the half angle method 
INVERSE KINEMATIC SOLUTIONS using half angle method 
16.9418794853     OR     -135.0
225.0     OR     228.028977687
185.372789509     OR     360.0
-45.0     OR     135.0
100.0     OR     0
100.0     OR     0
INVERSE KINEMATIC SOLUTIONS using circle method 
16.9418794853     OR     -135.0
225.0     OR     228.028977687
2.78298534628e-15     OR     -174.627210491
-45.0     OR     135.0
100.0     OR     -10000
100.0     OR     -10000
actual is -135.0  =  -135.0  
actual is 228.028977687  =  228.028977687  
actual is 2.78298534628e-15  =  360.0  
actual is -45.0  =  -45.0  
actual is 100.0  =  100.0  
actual is 100.0  =  100.0  

 GEOMETRIC APPROACH 
geormetry calculated theta is
[-135.0, -135.0, -7.553817368475854e-15, 135.0, -100.0, -80.00000000000001]
ARM = 1
ELBOW = 1
WRIST = -1



Current configuration is[-135.0, -135.0, 0.0, 0.0, 100.0, 100.0]
FORWARD KINEMATICS
Position Matrix is 
[0.7969461209549591, 0.44764038705892134, 0.40557978767263875, 55.015141306368825]
[-0.5957823596850788, 0.6932159949968671, 0.4055797876726388, 33.93063130494836]
[-0.09960050292505117, -0.5648625214636234, 0.8191520442889918, 3.0301750202983904]
[0.0, 0.0, 0.0, 1.0]


Parameters are
1
1
-1
SYMBOLIC RESULTS USING HTMs 

INVERSE KINEMATICS 
Using the half angle method 
INVERSE KINEMATIC SOLUTIONS using half angle method 
16.9418794853     OR     -135.0
225.0     OR     228.028977687
185.372789509     OR     360.0
0.0     OR     180.0
100.0     OR     0
100.0     OR     0
INVERSE KINEMATIC SOLUTIONS using circle method 
16.9418794853     OR     -135.0
225.0     OR     228.028977687
2.78298534628e-15     OR     -174.627210491
0.0     OR     180.0
100.0     OR     -10000
100.0     OR     -10000
actual is -135.0  =  -135.0  
actual is 228.028977687  =  228.028977687  
actual is 2.78298534628e-15  =  360.0  
actual is 0.0  =  0.0  
actual is 100.0  =  100.0  
actual is 100.0  =  100.0  

 GEOMETRIC APPROACH 
geormetry calculated theta is
[-135.0, -135.0, -7.553817368475854e-15, -180.0, -100.0, -80.0]
ARM = 1
ELBOW = 1
WRIST = -1



Current configuration is[-135.0, -135.0, 0.0, 45.0, 100.0, 100.0]
FORWARD KINEMATICS
Position Matrix is 
[0.255464576180503, 0.6054591948409092, 0.7537619078326482, 56.97366573226888]
[-0.759496866438751, 0.6080973008450055, -0.23104584517955962, 30.349612120154745]
[-0.5982494130265688, -0.5134557781227286, 0.6151916804750769, 1.8828979738451181]
[0.0, 0.0, 0.0, 1.0]


Parameters are
1
1
-1
SYMBOLIC RESULTS USING HTMs 

INVERSE KINEMATICS 
Using the half angle method 
INVERSE KINEMATIC SOLUTIONS using half angle method 
16.9418794853     OR     -135.0
225.0     OR     228.028977687
185.372789509     OR     360.0
45.0     OR     225.0
100.0     OR     0
100.0     OR     0
INVERSE KINEMATIC SOLUTIONS using circle method 
16.9418794853     OR     -135.0
225.0     OR     228.028977687
2.78298534628e-15     OR     -174.627210491
45.0     OR     225.0
100.0     OR     -10000
100.0     OR     -10000
actual is -135.0  =  -135.0  
actual is 228.028977687  =  228.028977687  
actual is 2.78298534628e-15  =  360.0  
actual is 45.0  =  45.0  
actual is 100.0  =  100.0  
actual is 100.0  =  100.0  

 GEOMETRIC APPROACH 
geormetry calculated theta is
[-135.0, -135.0, -7.553817368475854e-15, -135.0, -100.00000000000001, -80.0]
ARM = 1
ELBOW = 1
WRIST = -1



Current configuration is[-135.0, -135.0, 0.0, 90.0, 100.0, 100.0]
FORWARD KINEMATICS
Position Matrix is 
[-0.3855769622757502, 0.6926696253539298, 0.6095401514865538, 56.1624183528221]
[-0.42822071907362325, 0.4508248627059548, -0.783188329153484, 27.243810647801418]
[-0.8172866216440067, -0.562997098818638, 0.1227878039689729, -0.8868738315017168]
[0.0, 0.0, 0.0, 1.0]


Parameters are
1
1
-1
SYMBOLIC RESULTS USING HTMs 

INVERSE KINEMATICS 
Using the half angle method 
INVERSE KINEMATIC SOLUTIONS using half angle method 
16.9418794853     OR     -135.0
225.0     OR     228.028977687
185.372789509     OR     360.0
90.0     OR     270.0
100.0     OR     0
100.0     OR     0
INVERSE KINEMATIC SOLUTIONS using circle method 
16.9418794853     OR     -135.0
225.0     OR     228.028977687
2.78298534628e-15     OR     -174.627210491
90.0     OR     270.0
100.0     OR     -10000
100.0     OR     -10000
actual is -135.0  =  -135.0  
actual is 228.028977687  =  228.028977687  
actual is 2.78298534628e-15  =  360.0  
actual is 90.0  =  90.0  
actual is 100.0  =  100.0  
actual is 100.0  =  100.0  

 GEOMETRIC APPROACH 
geormetry calculated theta is
[-135.0, -135.0, -7.553817368475854e-15, -90.00000000000001, -100.00000000000001, -80.0]
ARM = 1
ELBOW = 1
WRIST = -1



Current configuration is[-135.0, -135.0, 0.0, 135.0, 100.0, 100.0]
FORWARD KINEMATICS
Position Matrix is 
[-0.7506650552306414, 0.658184991183852, 0.05739766751262959, 53.05661688046877]
[0.2039890081745206, 0.31352674185408747, -0.9274100854995786, 26.432563268354638]
[-0.6284031026336148, -0.6844658497855629, -0.36961607253713114, -3.656645636848552]
[0.0, 0.0, 0.0, 1.0]


Parameters are
1
1
-1
SYMBOLIC RESULTS USING HTMs 

INVERSE KINEMATICS 
Using the half angle method 
INVERSE KINEMATIC SOLUTIONS using half angle method 
16.9418794853     OR     -135.0
225.0     OR     228.028977687
185.372789509     OR     360.0
135.0     OR     315.0
100.0     OR     0
100.0     OR     0
INVERSE KINEMATIC SOLUTIONS using circle method 
16.9418794853     OR     -135.0
225.0     OR     228.028977687
2.78298534628e-15     OR     -174.627210491
135.0     OR     315.0
100.0     OR     -10000
100.0     OR     -10000
actual is -135.0  =  -135.0  
actual is 228.028977687  =  228.028977687  
actual is 2.78298534628e-15  =  360.0  
actual is 135.0  =  135.0  
actual is 100.0  =  100.0  
actual is 100.0  =  100.0  

 GEOMETRIC APPROACH 
geormetry calculated theta is
[-135.0, -135.0, -7.553817368475854e-15, -45.000000000000014, -100.00000000000001, -80.0]
ARM = 1
ELBOW = 1
WRIST = -1



Current configuration is[-135.0, -135.0, 45.0, -135.0, 100.0, 100.0]
FORWARD KINEMATICS
Position Matrix is 
[-0.3865583399856393, 0.687103955789659, -0.6151916804750768, 59.258475170883735]
[0.6284031026336145, 0.684465849785563, 0.3696160725371312, 43.71350878015694]
[0.6750423619210826, -0.24371018529296046, -0.6963642403200189, 24.532910271589582]
[0.0, 0.0, 0.0, 1.0]


Parameters are
1
1
-1
SYMBOLIC RESULTS USING HTMs 

INVERSE KINEMATICS 
Using the half angle method 
INVERSE KINEMATIC SOLUTIONS using half angle method 
22.1544350805     OR     -135.0
182.83086331     OR     225.0
140.372789509     OR     45.0
-135.0     OR     45.0
100.0     OR     0
100.0     OR     0
INVERSE KINEMATIC SOLUTIONS using circle method 
22.1544350805     OR     -135.0
182.83086331     OR     225.0
45.0     OR     140.372789509
-135.0     OR     45.0
100.0     OR     -10000
100.0     OR     -10000
actual is -135.0  =  -135.0  
actual is 225.0  =  225.0  
actual is 45.0  =  45.0  
actual is -135.0  =  -135.0  
actual is 100.0  =  100.0  
actual is 100.0  =  100.0  

 GEOMETRIC APPROACH 
geormetry calculated theta is
[-135.0, -134.99999999999997, 44.99999999999996, 45.0, -99.99999999999997, -80.00000000000003]
ARM = 1
ELBOW = 1
WRIST = -1



Current configuration is[-135.0, -135.0, 45.0, -90.0, 100.0, 100.0]
FORWARD KINEMATICS
Position Matrix is 
[0.09960050292505127, 0.5648625214636234, -0.8191520442889918, 58.11119812443046]
